{
 "cells": [
  {
   "cell_type": "code",
   "execution_count": 1,
   "metadata": {},
   "outputs": [
    {
     "name": "stdout",
     "output_type": "stream",
     "text": [
      "['/work/ovdet', '/opt/conda/lib/python37.zip', '/opt/conda/lib/python3.7', '/opt/conda/lib/python3.7/lib-dynload', '', '/opt/conda/lib/python3.7/site-packages', '/opt/conda/lib/python3.7/site-packages/IPython/extensions', '/root/.ipython']\n"
     ]
    }
   ],
   "source": [
    "import sys\n",
    "print(sys.path)"
   ]
  },
  {
   "cell_type": "code",
   "execution_count": 3,
   "metadata": {},
   "outputs": [],
   "source": [
    "import torch\n",
    "\n",
    "spanned_boxes = [torch.tensor([380.0980,   3.4500, 646.1620, 283.3370]), torch.tensor([140.6404,   3.4500, 646.1620, 535.2354]), torch.tensor([380.0980,   3.4500, 736.0000, 535.2354])]"
   ]
  },
  {
   "cell_type": "code",
   "execution_count": 16,
   "metadata": {},
   "outputs": [
    {
     "name": "stdout",
     "output_type": "stream",
     "text": [
      "[tensor([[380.0980,   3.4500, 646.1620, 283.3370]]), tensor([[140.6404,   3.4500, 646.1620, 535.2354]]), tensor([[380.0980,   3.4500, 736.0000, 535.2354]])]\n"
     ]
    },
    {
     "data": {
      "text/plain": [
       "tensor([[380.0980,   3.4500, 646.1620, 283.3370, 140.6404,   3.4500, 646.1620,\n",
       "         535.2354, 380.0980,   3.4500, 736.0000, 535.2354]])"
      ]
     },
     "execution_count": 16,
     "metadata": {},
     "output_type": "execute_result"
    }
   ],
   "source": [
    "spanned_boxes = [box.unsqueeze(0) for box in spanned_boxes]\n",
    "print(spanned_boxes)\n",
    "torch.cat([box.unsqueeze(0) for box in spanned_boxes], dim=1)"
   ]
  },
  {
   "cell_type": "code",
   "execution_count": null,
   "metadata": {},
   "outputs": [],
   "source": [
    "import torch\n",
    "\n",
    "# 텐서로 이루어진 리스트\n",
    "tensor_list = [torch.randn(2, 3), torch.randn(2, 3), torch.randn(2, 3)]\n",
    "\n",
    "# 리스트의 텐서들을 concat해서 하나의 텐서로 만듦 (dim=0을 기준으로 연결)\n",
    "result_tensor = torch.cat(tensor_list, dim=0)\n",
    "\n",
    "print(result_tensor)"
   ]
  },
  {
   "cell_type": "code",
   "execution_count": 20,
   "metadata": {},
   "outputs": [
    {
     "name": "stdout",
     "output_type": "stream",
     "text": [
      "list\n"
     ]
    }
   ],
   "source": [
    "import torch\n",
    "\n",
    "def check_first_component_type(input_list):\n",
    "    first_component = input_list[0]\n",
    "    \n",
    "    if isinstance(first_component, list):\n",
    "        return \"list\"\n",
    "    elif isinstance(first_component, torch.Tensor):\n",
    "        return \"tensor\"\n",
    "    else:\n",
    "        return \"Neither list nor tensor\"\n",
    "\n",
    "# 예시\n",
    "my_list = [[torch.tensor([380.0980,   3.4500, 646.1620, 283.3370]), torch.tensor([140.6404,   3.4500, 646.1620, 535.2354]), torch.tensor([380.0980,   3.4500, 736.0000, 535.2354])], [torch.tensor([318.6765, 557.7500, 469.0505, 595.5160]), torch.tensor([183.3399, 523.7606, 469.0505, 595.5160]), torch.tensor([318.6765, 523.7606, 469.0505, 595.5160])], [torch.tensor([366.5165, 468.1075, 431.1120, 560.7285]), torch.tensor([308.3806, 384.7486, 431.1120, 560.7285]), torch.tensor([366.5165, 468.1075, 489.2479, 644.0873])]]\n",
    "my_list = [[torch.tensor([310.6100, 104.4954, 989.8538, 695.6575])]]\n",
    "print(check_first_component_type(my_list))"
   ]
  },
  {
   "cell_type": "code",
   "execution_count": 1,
   "metadata": {},
   "outputs": [
    {
     "name": "stdout",
     "output_type": "stream",
     "text": [
      "[[4], [3, 4, 6], [4, 8]]\n"
     ]
    }
   ],
   "source": [
    "def merge_unique_sorted(bbox):\n",
    "    # This will store the unique sorted lists\n",
    "    unique_sets = set()\n",
    "    merged_bbox = []\n",
    "    \n",
    "    for lst in bbox:\n",
    "        # Sort the list to normalize the order\n",
    "        sorted_lst = tuple(sorted(lst))  # Using tuple since lists are not hashable\n",
    "        if sorted_lst not in unique_sets:\n",
    "            unique_sets.add(sorted_lst)\n",
    "            merged_bbox.append(list(sorted_lst))  # Store sorted version\n",
    "\n",
    "    return merged_bbox\n",
    "\n",
    "# Example bbox input\n",
    "bbox = [[4], [6, 4, 3], [3, 6, 4], [8, 4], [4, 8]]\n",
    "\n",
    "# Perform the operation\n",
    "bbox2 = merge_unique_sorted(bbox)\n",
    "\n",
    "# Output the result\n",
    "print(bbox2)\n",
    "\n",
    "\n",
    "for box in "
   ]
  },
  {
   "cell_type": "code",
   "execution_count": 2,
   "metadata": {},
   "outputs": [
    {
     "data": {
      "text/plain": [
       "torch.Size([5, 4])"
      ]
     },
     "execution_count": 2,
     "metadata": {},
     "output_type": "execute_result"
    }
   ],
   "source": [
    "import torch\n",
    "a = torch.tensor([[0.6429, 0.3214, 1.0000, 0.6786],\n",
    "                [0.3214, 0.6429, 0.6786, 1.0000],\n",
    "                [0.3214, 0.0000, 0.6786, 0.3571],\n",
    "                [0.3214, 0.3214, 0.6786, 0.6786],\n",
    "                [0.0000, 0.6429, 0.3571, 1.0000]])\n",
    "a.shape"
   ]
  },
  {
   "cell_type": "code",
   "execution_count": 3,
   "metadata": {},
   "outputs": [
    {
     "ename": "NameError",
     "evalue": "name 'tensor' is not defined",
     "output_type": "error",
     "traceback": [
      "\u001b[0;31m---------------------------------------------------------------------------\u001b[0m",
      "\u001b[0;31mNameError\u001b[0m                                 Traceback (most recent call last)",
      "\u001b[0;32m/tmp/ipykernel_5009/2866151567.py\u001b[0m in \u001b[0;36m<module>\u001b[0;34m\u001b[0m\n\u001b[0;32m----> 1\u001b[0;31m bboxes: tensor([[380.0980,   3.4500, 646.1620, 283.3370],\n\u001b[0m\u001b[1;32m      2\u001b[0m \u001b[0;34m\u001b[0m\u001b[0m\n\u001b[1;32m      3\u001b[0m                 \u001b[0;34m[\u001b[0m\u001b[0;36m140.6404\u001b[0m\u001b[0;34m,\u001b[0m \u001b[0;36m255.3483\u001b[0m\u001b[0;34m,\u001b[0m \u001b[0;36m406.7044\u001b[0m\u001b[0;34m,\u001b[0m \u001b[0;36m535.2354\u001b[0m\u001b[0;34m]\u001b[0m\u001b[0;34m,\u001b[0m\u001b[0;34m\u001b[0m\u001b[0;34m\u001b[0m\u001b[0m\n\u001b[1;32m      4\u001b[0m                 \u001b[0;34m[\u001b[0m\u001b[0;36m380.0980\u001b[0m\u001b[0;34m,\u001b[0m   \u001b[0;36m3.4500\u001b[0m\u001b[0;34m,\u001b[0m \u001b[0;36m646.1620\u001b[0m\u001b[0;34m,\u001b[0m \u001b[0;36m283.3370\u001b[0m\u001b[0;34m]\u001b[0m\u001b[0;34m,\u001b[0m\u001b[0;34m\u001b[0m\u001b[0;34m\u001b[0m\u001b[0m\n\u001b[1;32m      5\u001b[0m                 \u001b[0;34m[\u001b[0m\u001b[0;36m140.6404\u001b[0m\u001b[0;34m,\u001b[0m   \u001b[0;36m3.4500\u001b[0m\u001b[0;34m,\u001b[0m \u001b[0;36m406.7044\u001b[0m\u001b[0;34m,\u001b[0m \u001b[0;36m283.3370\u001b[0m\u001b[0;34m]\u001b[0m\u001b[0;34m,\u001b[0m\u001b[0;34m\u001b[0m\u001b[0;34m\u001b[0m\u001b[0m\n",
      "\u001b[0;31mNameError\u001b[0m: name 'tensor' is not defined"
     ]
    }
   ],
   "source": [
    "<InstanceData(\n",
    "\n",
    "    META INFORMATION\n",
    "    normed_boxes: [[[tensor([[0.6429, 0.3214, 1.0000, 0.6786],\n",
    "                [0.3214, 0.6429, 0.6786, 1.0000],\n",
    "                [0.3214, 0.0000, 0.6786, 0.3571],\n",
    "                [0.3214, 0.3214, 0.6786, 0.6786],\n",
    "                [0.0000, 0.6429, 0.3571, 1.0000]]),\n",
    "                     \n",
    "                     tensor([[0.3214, 0.0000, 0.6786, 0.3571],\n",
    "                [0.3214, 0.6429, 0.6786, 1.0000],\n",
    "                [0.0000, 0.6429, 0.3571, 1.0000],\n",
    "                [0.3214, 0.3214, 0.6786, 0.6786],\n",
    "                [0.6429, 0.3214, 1.0000, 0.6786]])],\n",
    "                    \n",
    "                    [tensor([[0.0000, 0.0000, 0.3571, 1.0000],\n",
    "                [0.3214, 0.0000, 0.6786, 1.0000],\n",
    "                [0.6429, 0.0000, 1.0000, 1.0000]]),\n",
    "                     \n",
    "                     tensor([[0.0000, 0.0000, 0.3571, 1.0000],\n",
    "                [0.6429, 0.0000, 1.0000, 1.0000],\n",
    "                [0.3214, 0.0000, 0.6786, 1.0000]])],\n",
    "                    \n",
    "                    [tensor([[0.4737, 0.0000, 1.0000, 0.3571],\n",
    "                [0.4737, 0.3214, 1.0000, 0.6786],\n",
    "                [0.4737, 0.6429, 1.0000, 1.0000],\n",
    "                [0.0000, 0.3214, 0.5263, 0.6786]]),\n",
    "                     tensor([[0.4737, 0.6429, 1.0000, 1.0000],\n",
    "                [0.4737, 0.3214, 1.0000, 0.6786],\n",
    "                [0.0000, 0.3214, 0.5263, 0.6786],\n",
    "                [0.4737, 0.0000, 1.0000, 0.3571]])]],\n",
    "                   \n",
    "                   [[tensor([[0.3028, 0.0000, 0.6697, 0.3571],\n",
    "                [0.3028, 0.3214, 0.6697, 0.6786],\n",
    "                [0.6330, 0.6429, 1.0000, 1.0000],\n",
    "                [0.0000, 0.0000, 0.3395, 0.3571]]), tensor([[0.0000, 0.0000, 0.3395, 0.3571],\n",
    "                [0.6330, 0.6429, 1.0000, 1.0000],\n",
    "                [0.3028, 0.3214, 0.6697, 0.6786],\n",
    "                [0.3028, 0.0000, 0.6697, 0.3571]])], [tensor([[0.6330, 0.0000, 1.0000, 0.3571],\n",
    "                [0.3028, 0.3214, 0.6697, 0.6786],\n",
    "                [0.0000, 0.6429, 0.3395, 1.0000],\n",
    "                [0.0000, 0.3214, 0.3395, 0.6786]]), tensor([[0.3028, 0.3214, 0.6697, 0.6786],\n",
    "                [0.0000, 0.3214, 0.3395, 0.6786],\n",
    "                [0.0000, 0.6429, 0.3395, 1.0000],\n",
    "                [0.6330, 0.0000, 1.0000, 0.3571]])], [tensor([[0.0000, 0.4737, 1.0000, 1.0000],\n",
    "                [0.0000, 0.0000, 1.0000, 0.5263]]), tensor([[0.0000, 0.0000, 1.0000, 0.5263],\n",
    "                [0.0000, 0.4737, 1.0000, 1.0000]])]], [[tensor([[0.3214, 0.3214, 0.6786, 0.6786],\n",
    "                [0.6429, 0.6429, 1.0000, 1.0000],\n",
    "                [0.3214, 0.6429, 0.6786, 1.0000],\n",
    "                [0.0000, 0.0000, 0.3571, 0.3571],\n",
    "                [0.6429, 0.3214, 1.0000, 0.6786]]), tensor([[0.0000, 0.0000, 0.3571, 0.3571],\n",
    "                [0.6429, 0.3214, 1.0000, 0.6786],\n",
    "                [0.6429, 0.6429, 1.0000, 1.0000],\n",
    "                [0.3214, 0.3214, 0.6786, 0.6786],\n",
    "                [0.3214, 0.6429, 0.6786, 1.0000]])], [tensor([[0.0000, 0.6429, 0.3571, 1.0000],\n",
    "                [0.3214, 0.3214, 0.6786, 0.6786],\n",
    "                [0.0000, 0.0000, 0.3571, 0.3571],\n",
    "                [0.6429, 0.3214, 1.0000, 0.6786]]), tensor([[0.0000, 0.0000, 0.3571, 0.3571],\n",
    "                [0.3214, 0.3214, 0.6786, 0.6786],\n",
    "                [0.6429, 0.3214, 1.0000, 0.6786],\n",
    "                [0.0000, 0.6429, 0.3571, 1.0000]])], [tensor([[0., 0., 1., 1.]])]], [[tensor([[0.0000, 0.3214, 0.5263, 0.6786],\n",
    "                [0.4737, 0.0000, 1.0000, 0.3571],\n",
    "                [0.4737, 0.6429, 1.0000, 1.0000],\n",
    "                [0.4737, 0.3214, 1.0000, 0.6786]]), tensor([[0.4737, 0.0000, 1.0000, 0.3571],\n",
    "                [0.0000, 0.3214, 0.5263, 0.6786],\n",
    "                [0.4737, 0.6429, 1.0000, 1.0000],\n",
    "                [0.4737, 0.3214, 1.0000, 0.6786]])], [tensor([[0.4737, 0.0000, 1.0000, 0.3571],\n",
    "                [0.0000, 0.6429, 0.5263, 1.0000],\n",
    "                [0.4737, 0.3214, 1.0000, 0.6786]]), tensor([[0.0000, 0.6429, 0.5263, 1.0000],\n",
    "                [0.4737, 0.3214, 1.0000, 0.6786],\n",
    "                [0.4737, 0.0000, 1.0000, 0.3571]])], [tensor([[0., 0., 1., 1.]])]], [[tensor([[0.0000, 0.0000, 0.5263, 0.5263],\n",
    "                [0.0000, 0.4737, 0.5263, 1.0000],\n",
    "                [0.4737, 0.0000, 1.0000, 0.5263]]), tensor([[0.0000, 0.4737, 0.5263, 1.0000],\n",
    "                [0.0000, 0.0000, 0.5263, 0.5263],\n",
    "                [0.4737, 0.0000, 1.0000, 0.5263]])], [tensor([[0.3214, 0.3214, 0.6786, 0.6786],\n",
    "                [0.0000, 0.0000, 0.3571, 0.3571],\n",
    "                [0.6429, 0.6429, 1.0000, 1.0000],\n",
    "                [0.0000, 0.3214, 0.3571, 0.6786]]), tensor([[0.0000, 0.0000, 0.3571, 0.3571],\n",
    "                [0.0000, 0.3214, 0.3571, 0.6786],\n",
    "                [0.6429, 0.6429, 1.0000, 1.0000],\n",
    "                [0.3214, 0.3214, 0.6786, 0.6786]])], [tensor([[0.0000, 0.4737, 0.3571, 1.0000],\n",
    "                [0.3214, 0.0000, 0.6786, 0.5263],\n",
    "                [0.6429, 0.0000, 1.0000, 0.5263]]), tensor([[0.6429, 0.0000, 1.0000, 0.5263],\n",
    "                [0.0000, 0.4737, 0.3571, 1.0000],\n",
    "                [0.3214, 0.0000, 0.6786, 0.5263]])]]]\n",
    "    img_shape: (736, 1103)\n",
    "    pad_shape: (736, 1120)\n",
    "    img_id: 163128\n",
    "    img_path: '/work/ovdet/data/coco/train2017/000000163128.jpg'\n",
    "    spanned_boxes: [[tensor([185.1333, 129.9894, 585.2260, 638.9152]),\n",
    "                     tensor([185.1333, 293.5727, 585.2260, 475.3319]),\n",
    "                     tensor([313.7346, 129.9894, 585.2260, 638.9152])],\n",
    "                    \n",
    "                    [tensor([  0.0000, 117.9117, 409.5905, 626.0172]),\n",
    "                     tensor([  0.0000, 117.9117, 409.5905, 626.0172]),\n",
    "                     tensor([124.0186, 281.2313, 274.3195, 626.0172])],\n",
    "                    \n",
    "                    [tensor([304.4470,  88.1476, 818.4243, 717.9706]),\n",
    "                     tensor([304.4470,  88.1476, 818.4243, 717.9706]),\n",
    "                     tensor([469.6540, 290.5907, 653.2173, 515.5275])],\n",
    "                    \n",
    "                    [tensor([ 874.5239,   39.2528, 1077.5448,  337.1759]),\n",
    "                     tensor([778.3561,  39.2528, 981.3770, 337.1759]),\n",
    "                     tensor([874.5239, 135.0138, 981.3770, 241.4149])],\n",
    "                    \n",
    "                    [tensor([ 747.1447,  325.7877, 1078.5928,  688.4875]),\n",
    "                     tensor([ 590.1429,  153.9825, 1078.5928,  688.4875]),\n",
    "                     tensor([ 590.1429,  325.7877, 1078.5928,  688.4875])]]\n",
    "    box_ids: [[[5, 7, 1, 4, 6], [1, 7, 6, 4, 5], [3, 4, 5], [3, 5, 4], [2, 5, 8, 4], [8, 5, 4, 2]],\n",
    "              [[1, 4, 8, 0], [0, 8, 4, 1], [2, 4, 6, 3], [4, 3, 6, 2], [7, 4], [4, 7]],\n",
    "              [[4, 8, 7, 0, 5], [0, 5, 8, 4, 7], [6, 4, 0, 5], [0, 4, 5, 6], [4]],\n",
    "              [[4, 2, 8, 5], [2, 4, 8, 5], [1, 6, 4], [6, 4, 1], [4]],\n",
    "              [[4, 7, 5], [7, 4, 5], [4, 0, 8, 3], [0, 3, 8, 4], [6, 4, 5], [5, 6, 4]]]\n",
    "    ori_shape: (427, 640)\n",
    "    flip: False\n",
    "    scale_factor: (1.7234375, 1.7236533957845432)\n",
    "    batch_input_shape: (736, 1120)\n",
    "    flip_direction: None\n",
    "\n",
    "    DATA FIELDS\n",
    "    bboxes: tensor([\n",
    "                # 1st proposal\n",
    "                [ 442.3358,  293.5727,  585.2260,  475.3319],\n",
    "                [ 313.7346,  457.1559,  456.6248,  638.9152],\n",
    "                [ 313.7346,  129.9894,  456.6248,  311.7486],\n",
    "                [ 313.7346,  293.5727,  456.6248,  475.3319],\n",
    "                [ 185.1333,  457.1559,  328.0236,  638.9152],\n",
    "                \n",
    "                [ 313.7346,  129.9894,  456.6248,  311.7486],\n",
    "                [ 313.7346,  457.1559,  456.6248,  638.9152],\n",
    "                [ 185.1333,  457.1559,  328.0236,  638.9152],\n",
    "                [ 313.7346,  293.5727,  456.6248,  475.3319],\n",
    "                [ 442.3358,  293.5727,  585.2260,  475.3319],\n",
    "                \n",
    "                [ 185.1333,  293.5727,  328.0236,  475.3319],\n",
    "                [ 313.7346,  293.5727,  456.6248,  475.3319],\n",
    "                [ 442.3358,  293.5727,  585.2260,  475.3319],\n",
    "                \n",
    "                [ 185.1333,  293.5727,  328.0236,  475.3319],\n",
    "                [ 442.3358,  293.5727,  585.2260,  475.3319],\n",
    "                [ 313.7346,  293.5727,  456.6248,  475.3319],\n",
    "                \n",
    "                [ 442.3358,  129.9894,  585.2260,  311.7486],\n",
    "                [ 442.3358,  293.5727,  585.2260,  475.3319],\n",
    "                [ 442.3358,  457.1559,  585.2260,  638.9152],\n",
    "                [ 313.7346,  293.5727,  456.6248,  475.3319],\n",
    "                \n",
    "                [ 442.3358,  457.1559,  585.2260,  638.9152],\n",
    "                [ 442.3358,  293.5727,  585.2260,  475.3319],\n",
    "                [ 313.7346,  293.5727,  456.6248,  475.3319],\n",
    "                [ 442.3358,  129.9894,  585.2260,  311.7486],\n",
    "                \n",
    "                # 2nd proposal\n",
    "                [ 124.0186,  117.9117,  274.3195,  299.3779],\n",
    "                [ 124.0186,  281.2313,  274.3195,  462.6975],\n",
    "                [ 259.2895,  444.5509,  409.5905,  626.0172],\n",
    "                [   0.0000,  117.9117,  139.0487,  299.3779],\n",
    "                \n",
    "                [   0.0000,  117.9117,  139.0487,  299.3779],\n",
    "                [ 259.2895,  444.5509,  409.5905,  626.0172],\n",
    "                [ 124.0186,  281.2313,  274.3195,  462.6975],\n",
    "                [ 124.0186,  117.9117,  274.3195,  299.3779],\n",
    "                \n",
    "                [ 259.2895,  117.9117,  409.5905,  299.3779],\n",
    "                [ 124.0186,  281.2313,  274.3195,  462.6975],\n",
    "                [   0.0000,  444.5509,  139.0487,  626.0172],\n",
    "                [   0.0000,  281.2313,  139.0487,  462.6975],\n",
    "                \n",
    "                [ 124.0186,  281.2313,  274.3195,  462.6975],\n",
    "                [   0.0000,  281.2313,  139.0487,  462.6975],\n",
    "                [   0.0000,  444.5509,  139.0487,  626.0172],\n",
    "                [ 259.2895,  117.9117,  409.5905,  299.3779],\n",
    "                \n",
    "                [ 124.0186,  444.5509,  274.3195,  626.0172],\n",
    "                [ 124.0186,  281.2313,  274.3195,  462.6975],\n",
    "                \n",
    "                [ 124.0186,  281.2313,  274.3195,  462.6975],\n",
    "                [ 124.0186,  444.5509,  274.3195,  626.0172],\n",
    "                \n",
    "                # 3rd proposal\n",
    "                [ 469.6540,  290.5907,  653.2173,  515.5275],\n",
    "                [ 634.8610,  493.0338,  818.4243,  717.9706],\n",
    "                [ 469.6540,  493.0338,  653.2173,  717.9706],\n",
    "                [ 304.4470,   88.1476,  488.0103,  313.0844],\n",
    "                [ 634.8610,  290.5907,  818.4243,  515.5275],\n",
    "                \n",
    "                [ 304.4470,   88.1476,  488.0103,  313.0844],\n",
    "                [ 634.8610,  290.5907,  818.4243,  515.5275],\n",
    "                [ 634.8610,  493.0338,  818.4243,  717.9706],\n",
    "                [ 469.6540,  290.5907,  653.2173,  515.5275],\n",
    "                [ 469.6540,  493.0338,  653.2173,  717.9706],\n",
    "                \n",
    "                [ 304.4470,  493.0338,  488.0103,  717.9706],\n",
    "                [ 469.6540,  290.5907,  653.2173,  515.5275],\n",
    "                [ 304.4470,   88.1476,  488.0103,  313.0844],\n",
    "                [ 634.8610,  290.5907,  818.4243,  515.5275],\n",
    "                \n",
    "                [ 304.4470,   88.1476,  488.0103,  313.0844],\n",
    "                [ 469.6540,  290.5907,  653.2173,  515.5275],\n",
    "                [ 634.8610,  290.5907,  818.4243,  515.5275],\n",
    "                [ 304.4470,  493.0338,  488.0103,  717.9706],\n",
    "                \n",
    "                [ 469.6540,  290.5907,  653.2173,  515.5275],\n",
    "                \n",
    "                # 4th proposal\n",
    "                [ 874.5239,  135.0138,  981.3770,  241.4149],\n",
    "                [ 970.6917,   39.2528, 1077.5448,  145.6539],\n",
    "                [ 970.6917,  230.7748, 1077.5448,  337.1759],\n",
    "                [ 970.6917,  135.0138, 1077.5448,  241.4149],\n",
    "                \n",
    "                [ 970.6917,   39.2528, 1077.5448,  145.6539],\n",
    "                [ 874.5239,  135.0138,  981.3770,  241.4149],\n",
    "                [ 970.6917,  230.7748, 1077.5448,  337.1759],\n",
    "                [ 970.6917,  135.0138, 1077.5448,  241.4149],\n",
    "                \n",
    "                [ 874.5239,   39.2528,  981.3770,  145.6539],\n",
    "                [ 778.3561,  230.7748,  885.2092,  337.1759],\n",
    "                [ 874.5239,  135.0138,  981.3770,  241.4149],\n",
    "                \n",
    "                [ 778.3561,  230.7748,  885.2092,  337.1759],\n",
    "                [ 874.5239,  135.0138,  981.3770,  241.4149],\n",
    "                [ 874.5239,   39.2528,  981.3770,  145.6539],\n",
    "                \n",
    "                [ 874.5239,  135.0138,  981.3770,  241.4149],\n",
    "                \n",
    "                # 5th proposal\n",
    "                [ 747.1447,  325.7877,  921.5910,  516.6824],\n",
    "                [ 747.1447,  497.5929,  921.5910,  688.4875],\n",
    "                [ 904.1464,  325.7877, 1078.5928,  516.6824],\n",
    "                [ 747.1447,  497.5929,  921.5910,  688.4875],\n",
    "                [ 747.1447,  325.7877,  921.5910,  516.6824],\n",
    "                [ 904.1464,  325.7877, 1078.5928,  516.6824],\n",
    "                [ 747.1447,  325.7877,  921.5910,  516.6824],\n",
    "                [ 590.1429,  153.9825,  764.5893,  344.8772],\n",
    "                [ 904.1464,  497.5929, 1078.5928,  688.4875],\n",
    "                [ 590.1429,  325.7877,  764.5893,  516.6824],\n",
    "                [ 590.1429,  153.9825,  764.5893,  344.8772],\n",
    "                [ 590.1429,  325.7877,  764.5893,  516.6824],\n",
    "                [ 904.1464,  497.5929, 1078.5928,  688.4875],\n",
    "                [ 747.1447,  325.7877,  921.5910,  516.6824],\n",
    "                [ 590.1429,  497.5929,  764.5893,  688.4875],\n",
    "                [ 747.1447,  325.7877,  921.5910,  516.6824],\n",
    "                [ 904.1464,  325.7877, 1078.5928,  516.6824],\n",
    "                [ 904.1464,  325.7877, 1078.5928,  516.6824],\n",
    "                [ 590.1429,  497.5929,  764.5893,  688.4875],\n",
    "                [ 747.1447,  325.7877,  921.5910,  516.6824]], device='cuda:0')\n",
    ") at 0x7f95cb9f5410>"
   ]
  },
  {
   "cell_type": "code",
   "execution_count": null,
   "metadata": {},
   "outputs": [],
   "source": [
    "normed_boxes =  [[[tensor([[0.6429, 0.0000, 1.0000, 1.0000],\n",
    "                [0.3214, 0.0000, 0.6786, 1.0000],\n",
    "                [0.0000, 0.0000, 0.3571, 1.0000]]),\n",
    "                   tensor([[0.3214, 0.0000, 0.6786, 1.0000],\n",
    "                [0.6429, 0.0000, 1.0000, 1.0000],\n",
    "                [0.0000, 0.0000, 0.3571, 1.0000]])],\n",
    "                  \n",
    "                  [tensor([[0.0000, 0.0000, 0.5263, 1.0000],\n",
    "                [0.4737, 0.0000, 1.0000, 1.0000]]),\n",
    "                   tensor([[0.4737, 0.0000, 1.0000, 1.0000],\n",
    "                [0.0000, 0.0000, 0.5263, 1.0000]])],\n",
    "                  \n",
    "                  [tensor([[0., 0., 1., 1.]])]]]\n",
    "\n",
    "[[tensor([247.7317, 246.8107, 545.8994, 521.3120]),\n",
    "  tensor([247.7317, 246.8107, 450.0598, 521.3120]),\n",
    "  tensor([343.5713, 246.8107, 450.0598, 521.3120])]]"
   ]
  },
  {
   "cell_type": "code",
   "execution_count": 5,
   "metadata": {},
   "outputs": [
    {
     "data": {
      "text/plain": [
       "torch.Size([4])"
      ]
     },
     "execution_count": 5,
     "metadata": {},
     "output_type": "execute_result"
    }
   ],
   "source": [
    "torch.Tensor([ 27.6607, 555.8445, 539.8071, 697.0411]).shape"
   ]
  },
  {
   "cell_type": "code",
   "execution_count": null,
   "metadata": {},
   "outputs": [],
   "source": []
  },
  {
   "cell_type": "code",
   "execution_count": 1,
   "metadata": {},
   "outputs": [
    {
     "name": "stdout",
     "output_type": "stream",
     "text": [
      "tensor([[ 15.3500, 308.3200, 299.5600, 386.6400],\n",
      "        [ 15.3500, 237.8320, 299.5600, 316.1520],\n",
      "        [ 15.3500, 308.3200, 299.5600, 386.6400],\n",
      "        [ 15.3500, 308.3200, 299.5600, 386.6400],\n",
      "        [ 15.3500, 237.8320, 299.5600, 316.1520],\n",
      "        [271.1390, 378.8080, 500.0000, 426.0000],\n",
      "        [ 15.3500, 308.3200, 299.5600, 386.6400],\n",
      "        [ 15.3500, 308.3200, 299.5600, 386.6400],\n",
      "        [271.1390, 378.8080, 500.0000, 426.0000]], device='cuda:0')\n"
     ]
    }
   ],
   "source": [
    "import torch\n",
    "\n",
    "# 주어진 텐서\n",
    "tensor = torch.Tensor([[ 27.6607, 555.8445, 539.8071, 697.0411],\n",
    "                       [ 27.6607, 428.7675, 539.8071, 569.9642],\n",
    "                       [ 27.6607, 555.8445, 539.8071, 697.0411],\n",
    "                       [ 27.6607, 555.8445, 539.8071, 697.0411],\n",
    "                       [ 27.6607, 428.7675, 539.8071, 569.9642],\n",
    "                       [488.5925, 682.9215, 901.0000, 768.0000],\n",
    "                       [ 27.6607, 555.8445, 539.8071, 697.0411],\n",
    "                       [ 27.6607, 555.8445, 539.8071, 697.0411],\n",
    "                       [488.5925, 682.9215, 901.0000, 768.0000]]).to('cuda:0')\n",
    "\n",
    "# scale factor\n",
    "scale_factor_x, scale_factor_y = (1.802, 1.8028169014084507)\n",
    "\n",
    "# x 좌표에 scale_factor_x로 나누고 y 좌표에 scale_factor_y로 나누기\n",
    "tensor_scaled = tensor.clone()  # 원본 텐서를 수정하지 않기 위해 복사\n",
    "tensor_scaled[:, [0, 2]] /= scale_factor_x  # x_min, x_max\n",
    "tensor_scaled[:, [1, 3]] /= scale_factor_y  # y_min, y_max\n",
    "\n",
    "print(tensor_scaled)"
   ]
  },
  {
   "cell_type": "code",
   "execution_count": null,
   "metadata": {},
   "outputs": [],
   "source": [
    "{'cls_score': tensor([[17.7719,  6.7329,  8.3024,  ...,  7.4082,  3.1290, 11.3706],\n",
    "        [ 3.6786,  1.5085,  2.0590,  ...,  3.5874,  5.6282, 13.7622],\n",
    "        [16.6988,  4.9374,  6.6151,  ...,  5.6429,  1.5098, 11.6465],\n",
    "        ...,\n",
    "        [ 7.6765,  1.2194,  2.1984,  ...,  4.5045, -0.2120, 13.9624],\n",
    "        [ 5.0709,  2.3036,  1.4480,  ...,  4.8839, -1.1853, 11.5938],\n",
    "        [ 7.2381,  0.2605,  1.0862,  ...,  1.1516, -2.4484, 14.2690]],\n",
    "       device='cuda:0'), 'bbox_pred': tensor([[-7.7563e-04,  9.8348e-04,  5.7950e-03,  1.3278e-02],\n",
    "        [-2.4459e+00, -5.6515e-01,  7.5680e-01, -4.5752e-01],\n",
    "        [ 5.6874e-01, -3.0446e-01, -1.2812e+00, -2.6625e-01],\n",
    "        ...,\n",
    "        [ 1.3134e+00,  1.6436e+00,  4.5726e-01,  2.2817e-01],\n",
    "        [-3.4432e-03,  1.5936e-01, -1.4160e-01, -9.9852e-02],\n",
    "        [ 9.3554e-01, -1.0223e+00,  4.1643e-01, -6.2520e-01]], device='cuda:0'), 'bbox_feats': tensor([[[[ 2.2681e-01,  3.0949e-01,  3.0893e-01,  ...,  1.4209e-01,\n",
    "            1.6857e-01,  1.6345e-01],\n",
    "          [ 3.5429e-01,  4.3373e-01,  4.3064e-01,  ...,  2.5761e-01,\n",
    "            2.9156e-01,  3.5900e-01],\n",
    "          [ 7.9172e-01,  7.6667e-01,  5.2601e-01,  ...,  3.2142e-01,\n",
    "            5.7765e-01,  7.7989e-01],\n",
    "          ...,\n",
    "          [ 7.3292e-01,  8.9239e-01,  8.2438e-01,  ...,  8.5121e-01,\n",
    "            1.0027e+00,  1.0900e+00],\n",
    "          [ 9.4223e-01,  1.1112e+00,  1.2156e+00,  ...,  1.0403e+00,\n",
    "            9.6613e-01,  9.4445e-01],\n",
    "          [ 1.3128e+00,  1.3787e+00,  1.3604e+00,  ...,  1.3920e+00,\n",
    "            1.3690e+00,  1.2437e+00]],\n",
    "\n",
    "         [[-3.4412e-01,  2.3636e-02,  2.9722e-01,  ...,  1.0457e-01,\n",
    "           -2.3849e-01, -3.7024e-01],\n",
    "          [-4.7141e-01,  9.9370e-03,  2.0302e-01,  ...,  1.4786e-02,\n",
    "           -3.4467e-01, -6.6257e-01],\n",
    "          [-3.8571e-01,  1.7151e-02,  2.0229e-01,  ...,  5.4771e-02,\n",
    "            6.3643e-02, -6.0541e-02],\n",
    "          ...,\n",
    "          [ 5.0381e-01,  6.9006e-01,  6.2704e-01,  ...,  2.5733e-01,\n",
    "            1.6617e-01,  1.1966e-01],\n",
    "          [ 3.4706e-01,  8.8073e-01,  8.2981e-01,  ...,  5.3134e-01,\n",
    "            2.1907e-01,  1.7309e-01],\n",
    "          [-8.3698e-02,  1.6941e-01,  5.5063e-01,  ...,  1.1635e-01,\n",
    "           -1.5774e-01,  1.3666e-01]],\n",
    "\n",
    "         [[ 5.2667e-02, -3.5099e-02,  9.3003e-02,  ...,  1.9821e-01,\n",
    "            4.0304e-02,  3.3406e-02],\n",
    "          [-6.6346e-02,  1.3342e-01,  2.9694e-01,  ...,  7.4272e-02,\n",
    "           -8.8502e-02, -1.2536e-01],\n",
    "          [-4.1238e-03,  1.8303e-01,  1.8962e-01,  ...,  1.2147e-01,\n",
    "            1.8103e-01,  3.1393e-02],\n",
    "          ...,\n",
    "          [ 9.2398e-03,  3.5505e-01,  3.6918e-01,  ...,  2.5626e-01,\n",
    "            1.5049e-01,  1.7259e-01],\n",
    "          [-1.5183e-01,  2.3349e-01,  1.9580e-01,  ..., -1.6205e-02,\n",
    "           -1.0492e-01,  1.3584e-01],\n",
    "          [-2.5317e-01, -1.4259e-01, -2.0678e-01,  ..., -3.9657e-01,\n",
    "           -4.3021e-01, -2.9203e-01]],\n",
    "\n",
    "         ...,\n",
    "\n",
    "         [[-6.5358e-01, -5.5088e-01, -2.3758e-01,  ..., -4.5644e-01,\n",
    "           -4.2728e-01, -2.2847e-01],\n",
    "          [-3.1472e-01, -3.0101e-02,  5.1330e-02,  ...,  8.8320e-02,\n",
    "            1.7891e-01, -4.9309e-02],\n",
    "          [-1.9096e-01,  1.0374e-02,  2.1325e-01,  ...,  3.8756e-01,\n",
    "            3.8604e-01, -4.6211e-02],\n",
    "          ...,\n",
    "          [ 2.5691e-02,  4.0932e-01,  6.9423e-01,  ...,  5.7530e-01,\n",
    "            1.8413e-01, -1.1990e-01],\n",
    "          [ 3.2251e-01,  6.8442e-01,  9.3347e-01,  ...,  8.5847e-01,\n",
    "            5.1168e-01,  3.1893e-01],\n",
    "          [ 2.4605e-01,  4.3417e-01,  9.1465e-01,  ...,  7.9999e-01,\n",
    "            5.0606e-01,  4.3953e-01]],\n",
    "\n",
    "         [[ 8.6039e-02, -2.5230e-01, -7.9076e-01,  ..., -9.8684e-01,\n",
    "           -5.6361e-01, -2.5849e-01],\n",
    "          [-6.0883e-02, -2.5046e-01, -3.9643e-01,  ..., -3.2166e-01,\n",
    "           -3.7933e-01, -2.4124e-01],\n",
    "          [-1.9541e-01, -1.0398e-01, -8.8660e-02,  ...,  2.4788e-01,\n",
    "            2.6839e-02, -6.0043e-02],\n",
    "          ...,\n",
    "          [-5.3729e-02,  3.0658e-02, -3.9640e-02,  ...,  1.9628e-01,\n",
    "            2.1033e-01, -4.6742e-02],\n",
    "          [-1.1396e-02,  1.7238e-01,  2.0707e-02,  ...,  1.9186e-01,\n",
    "            1.2553e-01,  2.1105e-02],\n",
    "          [ 1.6139e-01,  2.7259e-01,  1.1439e-01,  ...,  1.7937e-01,\n",
    "            1.5641e-01,  9.3468e-03]],\n",
    "\n",
    "         [[ 1.1898e+00,  1.4662e+00,  1.5053e+00,  ..., -1.6716e-02,\n",
    "           -6.5577e-01, -3.0758e-01],\n",
    "          [ 3.1560e-01, -4.8692e-01,  2.5871e-02,  ...,  3.5030e-01,\n",
    "           -6.1167e-01, -4.1327e-01],\n",
    "          [-1.3032e+00, -8.8598e-01, -1.2088e-01,  ...,  1.9970e-01,\n",
    "            8.1398e-01, -1.5559e-01],\n",
    "          ...,\n",
    "          [-1.3657e-01, -3.3270e-01,  3.6109e-01,  ...,  1.1165e+00,\n",
    "            4.9724e-01,  2.1955e-01],\n",
    "          [-5.0936e-01, -5.2797e-01,  3.1769e-01,  ...,  6.9618e-01,\n",
    "            1.6829e-02,  3.6412e-01],\n",
    "          [-9.2053e-01, -7.9888e-01, -2.0754e-02,  ...,  5.2269e-01,\n",
    "            8.4206e-02, -3.8430e-01]]],\n",
    "\n",
    "\n",
    "        [[[-1.6479e-01, -2.2477e-01, -3.0824e-01,  ..., -4.0324e-01,\n",
    "           -4.8099e-01, -4.2473e-01],\n",
    "          [-1.5766e-02, -1.0320e-01, -2.3029e-01,  ..., -3.6190e-01,\n",
    "           -4.1614e-01, -3.1992e-01],\n",
    "          [-1.8988e-03, -7.4463e-02, -1.0972e-01,  ..., -1.2669e-01,\n",
    "           -1.0750e-01, -5.9270e-02],\n",
    "          ...,\n",
    "          [-1.1282e-01, -1.5509e-01, -1.2972e-01,  ...,  2.7914e-02,\n",
    "            2.5035e-01,  2.3900e-01],\n",
    "          [-6.9262e-02, -7.2948e-02, -1.3376e-01,  ..., -1.7108e-01,\n",
    "            6.8062e-02,  1.0203e-01],\n",
    "          [ 8.2277e-02,  7.4263e-02,  3.8620e-02,  ..., -1.2909e-02,\n",
    "            6.4695e-02,  4.8646e-02]],\n",
    "\n",
    "         [[-4.8248e-01, -3.3078e-01, -2.6195e-01,  ..., -3.2817e-01,\n",
    "           -2.6833e-01, -2.4339e-01],\n",
    "          [ 3.3781e-01,  3.4631e-01,  2.3820e-01,  ...,  2.3267e-01,\n",
    "            3.4119e-01,  2.5967e-01],\n",
    "          [-6.0388e-02, -8.5387e-02,  2.3043e-02,  ...,  3.5240e-01,\n",
    "            4.9938e-01,  4.4724e-01],\n",
    "          ...,\n",
    "          [-7.6436e-01, -8.7539e-01, -8.0385e-01,  ..., -5.8906e-01,\n",
    "           -4.6014e-01, -4.1205e-01],\n",
    "          [ 3.8752e-01,  5.1705e-01,  3.6069e-01,  ..., -1.1778e-01,\n",
    "           -4.1326e-01, -4.3516e-01],\n",
    "          [-6.8677e-01, -6.2556e-01, -5.9398e-01,  ..., -5.4500e-01,\n",
    "           -5.7315e-01, -7.1066e-01]],\n",
    "\n",
    "         [[-3.9130e-01, -4.0811e-01, -4.8143e-01,  ..., -4.5394e-01,\n",
    "           -3.9754e-01, -3.6403e-01],\n",
    "          [-1.0831e-01, -1.4821e-01, -2.5563e-01,  ..., -2.8657e-01,\n",
    "           -3.2023e-01, -2.7746e-01],\n",
    "          [-1.6404e-01, -1.9367e-01, -1.3654e-01,  ..., -6.5891e-02,\n",
    "           -4.8783e-02,  2.0304e-03],\n",
    "          ...,\n",
    "          [-6.8320e-02, -8.7893e-02,  1.1343e-02,  ...,  1.1399e-01,\n",
    "            2.7449e-01,  3.2004e-01],\n",
    "          [ 2.1307e-01,  2.5936e-01,  2.6058e-01,  ...,  1.8602e-01,\n",
    "            1.8538e-01,  1.6338e-01],\n",
    "          [ 2.7445e-02,  3.3792e-02,  4.5786e-02,  ...,  2.2628e-02,\n",
    "            2.9059e-02,  3.3665e-02]],\n",
    "\n",
    "         ...,\n",
    "\n",
    "         [[ 1.3848e-01,  1.8745e-01,  1.4238e-01,  ..., -2.9159e-02,\n",
    "           -8.4937e-02, -1.2740e-01],\n",
    "          [ 2.8930e-02,  8.2404e-02,  5.6489e-02,  ...,  1.9204e-03,\n",
    "           -1.8299e-02, -4.6277e-02],\n",
    "          [ 1.4303e-01,  2.0121e-01,  1.9411e-01,  ...,  1.9057e-01,\n",
    "            1.4695e-01,  1.4803e-01],\n",
    "          ...,\n",
    "          [ 1.2642e-01,  1.5518e-01,  1.5895e-01,  ...,  4.2944e-02,\n",
    "           -5.9482e-02, -8.4114e-03],\n",
    "          [-5.0715e-02, -5.1684e-02,  1.4542e-02,  ...,  6.0197e-02,\n",
    "            1.9410e-02,  7.2557e-02],\n",
    "          [-5.6290e-02, -4.2914e-02,  1.8894e-02,  ...,  1.8338e-01,\n",
    "            2.4295e-01,  1.8998e-01]],\n",
    "\n",
    "         [[-2.7949e-01, -3.6227e-01, -4.0313e-01,  ..., -3.0678e-01,\n",
    "           -2.4576e-01, -2.1528e-01],\n",
    "          [-8.3125e-02, -1.6045e-01, -1.3552e-01,  ...,  6.5249e-02,\n",
    "            1.8201e-01,  2.0588e-01],\n",
    "          [-3.6479e-01, -3.4349e-01, -2.3291e-01,  ..., -1.3906e-01,\n",
    "           -4.3308e-02, -4.4745e-02],\n",
    "          ...,\n",
    "          [-3.8667e-01, -3.4058e-01, -3.5895e-01,  ..., -1.9610e-01,\n",
    "            6.0507e-02,  1.0089e-01],\n",
    "          [-6.4776e-03,  9.8521e-02, -3.6365e-02,  ..., -1.8713e-01,\n",
    "           -1.1289e-01, -8.4182e-02],\n",
    "          [-1.3028e-01, -7.6646e-02, -1.9800e-01,  ..., -4.0678e-01,\n",
    "           -4.6130e-01, -4.5325e-01]],\n",
    "\n",
    "         [[ 7.4509e-02, -1.1185e-01,  4.2798e-01,  ...,  3.1548e-01,\n",
    "            4.5712e-02,  1.2571e-01],\n",
    "          [ 8.6675e-01,  8.0364e-01,  1.0309e+00,  ...,  7.6451e-01,\n",
    "            1.0220e+00,  9.7462e-01],\n",
    "          [ 6.7239e-01,  1.0342e+00,  1.0354e+00,  ...,  7.8174e-01,\n",
    "            1.0236e+00,  6.4322e-01],\n",
    "          ...,\n",
    "          [ 1.4337e-01,  1.5566e-01, -2.5734e-01,  ..., -2.7684e-02,\n",
    "            1.2399e-01,  9.4872e-02],\n",
    "          [ 1.5058e+00,  1.2505e+00,  8.9671e-01,  ...,  1.3277e+00,\n",
    "            1.4650e+00,  1.3766e+00],\n",
    "          [-2.1461e-02,  8.1034e-02,  7.4582e-02,  ...,  7.0346e-01,\n",
    "            1.0013e+00,  9.1851e-01]]],\n",
    "\n",
    "\n",
    "        [[[ 2.2589e-01,  2.6564e-01,  3.0109e-01,  ...,  1.2757e-01,\n",
    "            1.7575e-01,  2.3036e-01],\n",
    "          [ 4.5460e-01,  4.0615e-01,  4.4002e-01,  ...,  2.4987e-01,\n",
    "            3.1765e-01,  4.1690e-01],\n",
    "          [ 4.4096e-01,  6.9060e-01,  8.1588e-01,  ...,  2.7282e-01,\n",
    "            5.5843e-01,  8.6576e-01],\n",
    "          ...,\n",
    "          [ 6.1991e-01,  6.2108e-01,  9.0322e-01,  ...,  8.9947e-01,\n",
    "            9.6613e-01,  9.8568e-01],\n",
    "          [ 8.8353e-01,  1.0294e+00,  1.2291e+00,  ...,  1.2046e+00,\n",
    "            1.1792e+00,  9.7245e-01],\n",
    "          [ 1.2315e+00,  1.4624e+00,  1.5442e+00,  ...,  1.4328e+00,\n",
    "            1.4878e+00,  1.3383e+00]],\n",
    "\n",
    "         [[-6.3203e-01, -4.9201e-01, -1.0373e-01,  ...,  1.5491e-01,\n",
    "           -2.1254e-01, -4.4640e-01],\n",
    "          [-4.6965e-01, -5.9528e-01, -1.1045e-01,  ...,  1.0620e-01,\n",
    "           -3.1942e-01, -6.4940e-01],\n",
    "          [-4.2651e-01, -3.8461e-01, -2.8179e-03,  ...,  2.3806e-01,\n",
    "            5.3090e-02, -5.3020e-02],\n",
    "          ...,\n",
    "          [ 7.6832e-02,  3.2725e-01,  8.7299e-01,  ...,  4.2452e-01,\n",
    "            2.2410e-01,  2.1752e-01],\n",
    "          [ 7.8363e-02, -1.2477e-01,  4.3012e-01,  ...,  5.2475e-01,\n",
    "            1.1000e-01,  2.4842e-01],\n",
    "          [-2.1575e-01, -3.1826e-01, -9.5922e-02,  ..., -6.1855e-02,\n",
    "           -2.8050e-01, -1.2971e-01]],\n",
    "\n",
    "         [[-1.0844e-01,  5.5636e-02, -2.0899e-02,  ...,  1.6876e-01,\n",
    "            4.6626e-02,  5.9222e-02],\n",
    "          [-5.0422e-02, -4.6782e-02,  9.8710e-02,  ...,  1.6878e-01,\n",
    "           -4.0898e-02, -1.5325e-01],\n",
    "          [ 1.4281e-01,  1.0760e-01,  7.9125e-02,  ...,  2.6746e-02,\n",
    "            9.0279e-02,  2.2729e-02],\n",
    "          ...,\n",
    "          [-1.5733e-01, -2.6095e-01,  2.3350e-01,  ...,  1.8721e-01,\n",
    "            4.8681e-02,  2.7867e-01],\n",
    "          [-2.5274e-01, -2.7540e-01,  7.7397e-02,  ..., -1.3318e-01,\n",
    "           -1.8883e-01,  5.4282e-02],\n",
    "          [-9.5637e-02, -2.8216e-01, -2.1652e-01,  ..., -3.7900e-01,\n",
    "           -3.6945e-01, -1.6308e-01]],\n",
    "\n",
    "         ...,\n",
    "\n",
    "         [[-7.4769e-01, -5.9098e-01, -6.0922e-01,  ..., -3.5733e-01,\n",
    "           -4.5642e-01, -2.4158e-01],\n",
    "          [-3.5414e-01, -4.0931e-01, -7.6252e-02,  ...,  2.7229e-02,\n",
    "            1.7170e-01, -7.3335e-02],\n",
    "          [-2.4747e-01, -2.5618e-01, -3.0287e-02,  ...,  3.6182e-01,\n",
    "            3.5254e-01, -1.6622e-01],\n",
    "          ...,\n",
    "          [ 2.4102e-01,  8.3026e-02,  5.7189e-01,  ...,  8.3874e-01,\n",
    "            3.0624e-01, -2.9120e-02],\n",
    "          [ 3.6541e-01,  2.4972e-01,  4.2316e-01,  ...,  1.0361e+00,\n",
    "            6.2133e-01,  4.2754e-01],\n",
